-2.4 -2 -2.2 208909 208345 209297 209561 208417 208556 208913 208709 208730 208596 208816 210587 207545 208696 209053 208366 208545 208094 208948 209457 208606 206110 213219 210079 208214 210080 208037 209507 208391 209547 207275 209308 208507 207864 209307 208608 209036 208723 209133 207799 208889 207580 209590 208489 209159 208065 208699 208949 208953 208690 208968 208381 209245 207689 209746 208643 208751 209160 208165 209809 208144 208349 208998 208750 208268 207105 210600 208406 209304 209887 207266 
-2 -1.5 -1.75 325732 324882 326419 326329 324771 325485 325922 325846 325659 325782 326044 328336 324148 324966 326405 325973 325561 324586 325257 326415 324549 321621 333444 327988 324256 327041 325339 326735 325136 327188 322994 326067 325753 325123 326653 325623 325853 325438 326580 325194 325418 324832 326739 325981 325287 324450 327762 325960 325461 324669 326374 324568 326241 324355 326371 325531 325763 326208 324900 325174 325676 324849 326455 326195 324911 323833 327284 325172 326267 328168 323602 
-1.5 -1 -1.25 414339 414263 414848 416442 413098 414264 415405 414751 414939 414098 414960 417320 412748 414430 415112 414322 414594 414464 413411 414686 414316 408568 424161 416822 412977 414690 414562 414764 412949 415779 411147 414865 414096 413129 414946 414253 414164 413716 414488 415423 413782 415693 412309 416557 412824 412346 416813 416128 413923 412644 415809 413800 415021 414015 415657 415274 414342 414084 414154 413464 416169 413230 415927 415121 413244 412876 416388 414736 414880 417389 411465 
-1 -0.5 -0.75 455506 455977 455307 457327 453091 455304 455655 455654 455156 455939 455064 458594 453321 455928 455201 455229 455593 455735 452971 454956 455027 449848 464835 458239 454193 455484 455468 455805 454423 456553 453048 455395 455469 454603 455762 454843 455595 454704 454590 456685 454466 459796 451050 458460 453604 451794 459583 457310 455711 453395 456485 455428 454757 455027 455819 456428 454573 455374 456116 453097 458103 454220 456814 456417 454857 454603 457181 456283 455235 458904 452580 
-0.5 0 -0.25 465733 466039 464767 467957 462872 465332 466624 466283 465255 465848 465379 468289 464638 465905 465273 464902 465950 468309 461985 465432 465795 461003 474508 468224 463815 466009 465233 466610 464832 466660 462913 465756 465533 465330 466298 464482 466222 464222 463627 467135 465612 471359 459799 468757 463549 463189 469333 467477 466055 465338 465377 465957 463884 465628 465506 467067 465049 464595 466974 463335 469037 465156 466598 465938 465655 465473 466334 466875 464771 468109 464440 
0 0.5 0.25 464203 465161 463519 466517 462422 463818 464360 464642 464062 464168 463798 466562 462804 464976 463151 463665 464527 466907 459670 465917 463979 460098 471924 466602 462885 464525 464400 465717 462777 464600 461901 464351 464415 464289 464555 462353 464756 462448 462422 464100 463840 470799 458611 467238 462399 465424 462583 464423 466607 464806 464512 465553 463206 465712 463721 464140 464342 462804 465549 463216 465708 464976 463709 464579 464675 465202 464020 466446 462355 465148 463944 
0.5 1 0.75 462378 462991 462389 465358 459633 462372 463354 462657 462340 463461 462012 464966 461632 463551 461379 461855 462834 465467 458360 463038 461945 458570 470334 464972 461349 462933 462389 464256 462531 463261 460929 463009 462160 461813 462790 460775 463461 461040 460741 462401 463158 467748 458799 464690 461244 469107 456679 461004 467089 464070 462254 464005 462678 464391 461074 461521 463796 461472 463919 463140 462683 463526 461801 463360 462287 465074 459836 465459 460572 461197 464632 
1 1.5 1.25 465068 465214 464175 466740 462300 464776 465005 465267 464904 465385 464156 466581 463794 465424 464254 464692 465100 466650 461060 465773 463796 460132 472863 467284 463225 465561 464714 466028 464450 465625 462029 465772 464993 464626 465177 463039 466047 462852 463488 464361 464880 468422 463353 466236 464562 477245 452545 459968 470806 467188 464976 464825 465537 467942 461999 462482 467615 464069 466864 466911 462492 466687 462866 466152 463674 469507 460829 466871 462200 460997 468871 
1.5 2 1.75 466436 466781 466333 467999 464873 465535 467790 466197 466577 467344 465492 468180 465332 466846 464927 467229 465958 467723 463611 467527 465518 461381 475616 469487 464761 466593 466218 467047 466872 467720 463308 467027 466139 466262 466572 464290 467070 465400 465789 465629 466843 467043 467156 466807 466535 483027 448820 459421 473583 468303 465371 465452 468472 470321 463177 462013 470133 464536 468407 470955 461974 468939 464796 468871 464318 471576 460887 469489 464185 461764 471499 
2 2.4 2.2 451331 450658 451465 452450 449812 451136 452508 451381 451169 451593 450142 452471 450390 452955 450042 453127 450588 450269 450193 452235 450133 445225 460321 453916 449126 452085 451334 452030 451086 452839 448294 451893 450919 450495 451263 450042 452102 449614 451495 451725 451904 450547 454373 450570 452109 471882 429962 441714 459934 452722 450364 449429 453162 456074 446575 446062 456464 449700 453095 457071 445675 453042 448664 454228 448048 458101 444837 453233 449187 445242 457819 
