-5 -2.2 -0.18351 0.0225076 0.0226845 -0.208179 0.674716 0.0094161 0.652021 0 0.00131212 0.000874943
-4 -1.75 -0.0220003 0.0227319 0.0226806 -0.0426419 0.681372 0 0.519726 0 0.00212504 0.001857
-3 -1.25 0.0661092 0.0203851 0.0246726 0.0906836 0 0 0.111554 0.0906836 0.00162103 0.00247038
-2 -0.75 0.0997935 0.0184878 0.0237236 0.119119 0.127851 0.168528 0.175184 0.16846 0.00118753 0.00171476
-1 -0.25 0.114276 0.017461 0.0213663 0.177462 0.214685 0.251104 0.176272 0.250969 0.001232 0.00074641
1 0.25 0.128746 0.0161847 0.0222695 0.25438 0 0 0 0 0.000479111 0.00181266
2 0.75 0.153361 0.0179092 0.0219333 0 0 0 0 0 0.000198663 0.000666047
3 1.25 0.190044 0.016874 0.0213316 0 0 0 0 0 0.000137754 0.00158318
4 1.75 0.235222 0.0148546 0.0188371 0 0 0 0 0 0.00126965 0.00255709
5 2.2 0.264568 0.0151517 0.0191276 0 0 0 0 0 0.00194463 0.0027416
