-5 -2.2 213304 5622 7388 208909 441728 295497 454965 0 8285.77 9012.84
-4 -1.75 320846 7170 8936 325676 641320 651361 507729 0 13084.6 14478.2
-3 -1.25 398703 8842 10058 459583 46372.3 796226 25091.5 459583 16789 19088.4
-2 -0.75 437290 9898 11838 464415 12017.9 657103 3970.68 656830 18488.7 21493.4
-1 -0.25 455363 11216 12154 461060 47783.9 652092 38476.6 652151 19324.7 22621.2
1 0.25 468070 10584 10772 449812 34191.2 1.85478e+06 0 1.74211e+06 19004.6 23341.4
2 0.75 479976 11144 12348 0 0 0 0 0 20380.6 24211.6
3 1.25 494356 10878 12796 0 0 0 0 0 20361.9 25665
4 1.75 505856 13502 13277 0 0 0 0 0 21191.1 26773.6
5 2.2 496408 11607 11471 0 0 0 0 0 21272.1 26611.4
