-5 -2.2 309186 10709 10039 318758 133694 450867 135626 0 13027.6 14744.4
-4 -1.75 335281 10193 9915 354688 132970 709419 101143 0 14435.1 16579.9
-3 -1.25 349256 9645 10238 383160 0 665440 0 389599 15541.3 17224.2
-2 -0.75 357932 11081 9179 365550 6369.4 526781 0 530468 15714.4 17868.1
-1 -0.25 361962 7265 9031 322082 24072.2 470850 0 465731 15493.8 18236.2
1 0.25 361293 9377 9442 267374 22109.5 1.10246e+06 0 1.03554e+06 15443 17918.5
2 0.75 352332 9797 11670 0 0 0 0 0 14918.8 17507.8
3 1.25 336464 8913 12337 0 0 0 0 0 13885.2 16794.7
4 1.75 313197 7003 11480 0 0 0 0 0 12955.8 15707.6
5 2.2 288695 6776 10052 0 0 0 0 0 11950 14858.1
