-5 -2.2 -0.192653 0.0137519 0.0125172 -0.199346 0.0296015 0.00388791 0.0227031 0.00382964 0.00131212 0.000874943
-4 -1.75 -0.0317606 0.00969723 0.0114901 -0.0445948 0.0125727 0.0120874 0.00821417 0.00576652 0.00212504 0.001857
-3 -1.25 0.0586208 0.00713025 0.00848484 0.0538603 0.00954505 0.0114708 0.0059505 0.00798428 0.00162103 0.00247038
-2 -0.75 0.0953951 0.0064876 0.00637997 0.0974096 0.0113112 0.00687941 0.0100225 0.00302174 0.00118753 0.00171476
-1 -0.25 0.113847 0.00771929 0.00776661 0.120601 0.00778617 0.0113975 0.00985767 0.007747 0.001232 0.00074641
1 0.25 0.13243 0.00985518 0.0118106 0.134341 0.00973282 0.0120697 0.00458997 0.0118803 0.000479111 0.00181266
2 0.75 0.16019 0.0123189 0.0114505 0.15865 0.0186204 0.00847335 0.0105647 0.00104227 0.000198663 0.000666047
3 1.25 0.199083 0.0161152 0.0131075 0.196388 0.00892738 0.02093 0.00134182 0.0101336 0.000137754 0.00158318
4 1.75 0.242472 0.0127554 0.0155973 0.236639 0.0175829 0.0138785 0.0116462 0.00383068 0.00126965 0.00255709
5 2.2 0.271569 0.0123073 0.0169384 0.273637 0.0151815 0.0147483 0.0111117 0.00565316 0.00194463 0.0027416
