-5 -2.2 308450 13238.5 15442.5 317001 11555.8 18349.8 10092.5 11324.3 13027.6 14744.4
-4 -1.75 337200 13972.8 15527.3 352170 13002.1 17104.8 8901.85 9735.58 14435.1 16579.9
-3 -1.25 352410 13953 15052.1 366315 13793.9 15798.8 6558.31 7804.36 15541.3 17224.2
-2 -0.75 359490 14408.2 14940.2 365578 13806.8 15001.5 4327.56 7051.25 15714.4 17868.1
-1 -0.25 360930 16347.5 16281.9 357153 15371.6 15716.6 3780.62 6834.59 15493.8 18236.2
1 0.25 357400 18052.4 17182.5 346660 17942.8 15155.8 6436.77 6407.55 15443 17918.5
2 0.75 348030 17355.5 17260.8 332704 13724.5 19938 3453.94 12560 14918.8 17507.8
3 1.25 332060 14568.8 16591.3 312599 15664.9 12185 9164.56 9305.14 13885.2 16794.7
4 1.75 309950 12766.3 13373.4 288446 11990.9 12118.8 8674.28 12336.8 12955.8 15707.6
5 2.2 285210 12286 12578.2 259747 10661.4 10645.9 9287.06 9888.66 11950 14858.1
