-5 -2.2 208800 8989.24 9914.49 211622 12499.7 6085.44 9641.65 2970.75 8285.77 9012.84
-4 -1.75 316440 12208.8 13837.6 322101 12505.3 14144.6 8244.66 9003.98 13084.6 14478.2
-3 -1.25 396300 14106.3 16329.3 408021 12996.5 17154.5 8163.05 10427.7 16789 19088.4
-2 -0.75 435310 15984.9 17359.4 444486 17927.8 15872 10073.7 6911.3 18488.7 21493.4
-1 -0.25 453670 19124.8 18507.5 455113 16935.8 21278 5536.88 10013.3 19324.7 22621.2
1 0.25 466510 20717.3 20093.7 454256 20087.8 18772.1 7391 12538.7 19004.6 23341.4
2 0.75 480800 22846.7 20469.7 458177 22455.4 18935.4 9027.11 12335.2 20380.6 24211.6
3 1.25 497140 22471.7 20439.9 465386 16825.6 21676.3 11277.7 21303.3 20361.9 25665
4 1.75 508370 21089.1 21988.4 467280 21985 16456.9 20226.3 16095.3 21191.1 26773.6
5 2.2 497870 19403.4 22878.2 455452 19881.1 17724.9 20104 16025.3 21272.1 26611.4
