-5 -2.2 -0.192653 0.0137519 0.0125172 -0.207009 0.0143782 0.0134564 0.00905181 0.00879096 0.00131212 0.000874943
-4 -1.75 -0.0317606 0.00969723 0.0114901 -0.0426226 0.0133377 0.00922858 0.00513145 0.00238548 0.00212504 0.001857
-3 -1.25 0.0586208 0.00713025 0.00848484 0.0562254 0.00695588 0.00942563 0.0034491 0.00278888 0.00162103 0.00247038
-2 -0.75 0.0953951 0.0064876 0.00637997 0.0989503 0.00668754 0.00837882 0.00320695 0.00466042 0.00118753 0.00171476
-1 -0.25 0.113847 0.00771929 0.00776661 0.117734 0.00779888 0.00893678 0.00558721 0.00483763 0.001232 0.00074641
1 0.25 0.13243 0.00985518 0.0118106 0.134055 0.00804122 0.0115101 0.00231753 0.00536224 0.000479111 0.00181266
2 0.75 0.16019 0.0123189 0.0114505 0.159458 0.012948 0.0109747 0.00367428 0.00152814 0.000198663 0.000666047
3 1.25 0.199083 0.0161152 0.0131075 0.19583 0.0125531 0.0120384 0.00444875 0.00134375 0.000137754 0.00158318
4 1.75 0.242472 0.0127554 0.0155973 0.238164 0.01136 0.0157705 0.00117262 0.00417867 0.00126965 0.00255709
5 2.2 0.271569 0.0123073 0.0169384 0.267681 0.010053 0.0197559 0.000984361 0.00564553 0.00194463 0.0027416
