-5 -2.2 308450 13238.5 15442.5 322391 13934.8 14508.8 11230.2 7030.5 13027.6 14744.4
-4 -1.75 337200 13972.8 15527.3 352958 12780.2 17711.1 8340.85 10260.5 14435.1 16579.9
-3 -1.25 352410 13953 15052.1 364322 14822 13752.8 7254.24 7114.42 15541.3 17224.2
-2 -0.75 359490 14408.2 14940.2 364785 13724.6 15369.7 3351.16 7030.84 15714.4 17868.1
-1 -0.25 360930 16347.5 16281.9 357600 16195.2 14714.2 3445.78 5712.12 15493.8 18236.2
1 0.25 357400 18052.4 17182.5 346902 16753.8 15406.1 4828.14 6921.65 15443 17918.5
2 0.75 348030 17355.5 17260.8 331947 15567.4 15819.3 5266.14 10004.9 14918.8 17507.8
3 1.25 332060 14568.8 16591.3 312499 13688.3 13507.7 7900.88 10832.3 13885.2 16794.7
4 1.75 309950 12766.3 13373.4 288826 11626.4 11660.3 9196.18 10361 12955.8 15707.6
5 2.2 285210 12286 12578.2 263536 11814.4 9539.4 10259.9 9289.9 11950 14858.1
