-5 -2.2 208800 8989.24 9914.49 211807 9396.95 9415.86 6863.96 4921.28 8285.77 9012.84
-4 -1.75 316440 12208.8 13837.6 324100 12279.6 13415.3 8095.46 8484.21 13084.6 14478.2
-3 -1.25 396300 14106.3 16329.3 407731 14398.8 15595.2 9392.76 8415.96 16789 19088.4
-2 -0.75 435310 15984.9 17359.4 444904 14148.9 18313.9 4825.01 9774.11 18488.7 21493.4
-1 -0.25 453670 19124.8 18507.5 453040 18543.1 17940 4701.52 6267.39 19324.7 22621.2
1 0.25 466510 20717.3 20093.7 454308 19645.8 19445.6 4984.87 10403.7 19004.6 23341.4
2 0.75 480800 22846.7 20469.7 457893 21165.9 18167.4 9535.35 13310.1 20380.6 24211.6
3 1.25 497140 22471.7 20439.9 464697 20861.3 17704.6 14671.3 15449.7 20361.9 25665
4 1.75 508370 21089.1 21988.4 469411 17782.5 19704.7 14882.4 18887.9 21191.1 26773.6
5 2.2 497870 19403.4 22878.2 456194 17082.7 19982.7 16792.7 20159.4 21272.1 26611.4
