-2.4 -2 -2.2 313640 311473 314361 311345 317524 312706 315594 306454 321589 313044 313971 312746 313604 311131 317884 314880 313134 308822 316042 309840 312737 311642 316302 312068 311785 315372 312581 314954 311280 312788 314240 314311 313889 316869 311996 308591 314883 311928 316179 315629 310125 317744 310256 315181 311384 310596 319689 312206 309290 310217 314099 312087 310142 312360 313883 314817 314344 312190 314168 313140 314785 313128 313807 311772 315494 314027 314080 312649 313298 313259 314007 312280 314413 311755 315016 313719 311538 310896 315970 310701 315957 317870 311450 
-2 -1.5 -1.75 348030 343664 349740 344178 348044 344409 348263 337876 353090 345903 347411 346996 346980 342301 351559 346050 346818 340180 348438 345232 347644 342926 349301 344492 344471 348130 344196 348927 345026 344871 347517 346098 346482 344428 345038 342930 348668 344414 348730 350119 342651 351359 343000 349145 344366 343514 353047 346808 343453 344235 345339 346971 344511 346834 346570 346928 347490 345400 347822 346184 347220 346079 347280 347288 346295 345329 347633 346848 347453 346093 347234 344790 348229 345594 348665 348614 344886 345395 348203 346368 347042 348659 345109 
-1.5 -1 -1.25 364960 361209 369300 364479 366586 360296 369314 357254 372302 363554 367528 364502 366211 361058 372439 365648 365686 362661 366352 363130 365093 363318 365488 366113 362298 366325 362771 365898 363869 364557 365939 365685 365300 363209 363204 363369 367895 364381 366829 370050 362918 368619 363242 367444 363042 362882 371589 365494 360703 363399 364522 365798 361545 368181 363994 366556 364803 364149 367822 366235 366696 364850 362604 365620 362939 367189 365816 365562 364782 364861 365836 364859 367393 363476 366959 367126 363168 366040 366522 366408 366742 368525 362963 
-1 -0.5 -0.75 369900 363071 375980 369695 371384 365431 374981 365456 374910 368870 372920 368413 371562 364802 377812 370153 370233 368550 371280 366815 370423 368949 371293 372842 367246 370635 366861 369674 370364 369676 370860 368643 372735 370290 371121 368262 372370 371554 369753 375612 368211 371210 369231 370678 368978 370284 372700 370641 365855 369454 368357 371399 367670 374458 366142 372171 368641 367029 374615 371727 370335 370105 370518 371814 367815 370300 370855 372357 370014 370600 370256 369145 372573 369176 370689 370721 370970 368702 371968 370616 368963 372584 368861 
-0.5 0 -0.25 365790 359176 371057 364267 366261 360209 369560 361187 368098 362871 368147 362627 366544 359787 374037 365435 365435 365009 365748 362335 366366 363976 366641 370693 359910 370220 363097 364066 365045 365418 365484 363701 368964 364839 365107 365293 368363 367613 364549 368733 365287 365189 364795 366994 366690 367836 366539 368929 360412 364268 362207 366205 364279 371231 360013 367665 363293 362998 367694 368488 365406 367060 365085 367817 364446 364456 365092 366938 363875 364947 365130 364049 367859 366009 366227 365088 365624 365385 365602 367998 364537 367270 364016 
0 0.5 0.25 353630 346993 360152 353990 354437 348398 358544 349627 355899 351093 357934 351490 355382 345915 364996 353344 354339 352092 353386 351721 354669 353006 355517 359061 346830 351592 352382 352442 354206 353376 354120 351454 357654 350563 353774 353463 357414 356051 352387 356944 354577 352730 354762 351612 355747 356103 352502 357410 347734 354491 350222 355167 354415 358288 349639 355908 352863 353376 353627 355108 354939 354962 354262 354360 353655 354101 353482 354332 352947 353757 354830 352966 354675 353611 352588 352066 355002 355179 353202 355449 350903 353074 354792 
0.5 1 0.75 335070 329343 341042 334660 335947 330122 339171 333214 337547 332800 338403 332405 337124 329332 343582 334624 335290 335614 334950 332811 335762 333513 336680 341755 329924 335847 333818 333106 336192 335759 335717 332682 338616 332846 335811 333352 338976 337593 334351 337219 338416 335278 335588 333330 338632 338846 334396 337888 330056 336223 331666 334580 333808 339695 331299 337744 334492 337629 333134 335416 336285 336145 336517 334271 335301 336802 334489 335394 335423 334870 336566 335394 336201 336818 333803 335817 336203 336176 333609 337484 333422 334962 336361 
1 1.5 1.25 311510 306294 317771 311239 311790 307680 316482 307790 314416 310283 314895 309678 313624 307338 323083 312434 312538 312312 312119 310252 312732 311011 313740 316000 306198 312415 309243 311040 311715 310934 311572 309968 315079 309859 311337 314368 313807 313457 311673 314587 313285 312643 312482 310692 313896 314025 313644 314111 307127 311166 308910 312537 311784 315795 308902 313454 310439 318589 306321 309879 315458 312242 312551 312984 313469 313478 311641 311224 312789 311450 312854 312412 310602 313635 312824 312552 311989 314951 310314 313785 311179 310792 313273 
1.5 2 1.75 284050 279507 289077 284222 283859 280151 287841 280369 288030 282322 286068 282321 285314 279665 289014 284301 282970 283957 283563 282212 284691 283158 284234 285919 280149 283781 285294 284226 284329 284867 285015 283871 286555 282964 283503 285060 283658 283561 286406 284923 284264 285948 282690 280989 286729 283687 287969 284712 280883 282698 282183 283823 282044 285351 284963 284854 284897 293505 274770 280792 288185 284202 283841 283811 285275 286112 282856 281984 287012 283656 285722 286517 281923 284826 282262 285659 283447 287305 280842 285889 282404 281103 287756 
2 2.4 2.2 256750 252342 258469 256258 257461 253237 259514 251028 260988 256632 257418 254453 257162 253217 260425 257729 255784 255598 256506 254960 256663 256269 256295 257480 255074 254023 259716 257987 255013 255949 255943 256812 255814 254832 255756 256201 257006 254858 258317 257386 256606 259325 253645 255424 257564 254205 261655 256125 254528 254119 255110 257550 252787 256871 256587 256684 255849 266523 247056 252385 260001 256316 256845 255165 257241 258918 255057 254108 258457 255644 256741 258687 253278 257280 254882 257536 255198 259829 253891 257800 256215 253465 258880 
