-5 -2.2 -0.192653 0.0137519 0.0125172 -0.203188 0.00796665 0.0252916 0.00317761 0.0222447 0.00131212 0.000874943
-4 -1.75 -0.0317606 0.00969723 0.0114901 -0.0423472 0.0195246 0.011216 0.012024 0.00453439 0.00212504 0.001857
-3 -1.25 0.0586208 0.00713025 0.00848484 0.0537164 0.0147677 0.00945251 0.0152241 0.00437451 0.00162103 0.00247038
-2 -0.75 0.0953951 0.0064876 0.00637997 0.0978929 0.00951299 0.0131056 0.00588382 0.0107675 0.00118753 0.00171476
-1 -0.25 0.113847 0.00771929 0.00776661 0.120271 0.00590719 0.0230068 0.00187005 0.0160292 0.001232 0.00074641
1 0.25 0.13243 0.00985518 0.0118106 0.134522 0.0101107 0.0123649 0.00536562 0.00773871 0.000479111 0.00181266
2 0.75 0.16019 0.0123189 0.0114505 0.158222 0.0164161 0.00794823 0.0117374 0.0032545 0.000198663 0.000666047
3 1.25 0.199083 0.0161152 0.0131075 0.194374 0.01109 0.021186 0.00363413 0.00903921 0.000137754 0.00158318
4 1.75 0.242472 0.0127554 0.0155973 0.23608 0.0176787 0.0140005 0.00787614 0.00609187 0.00126965 0.00255709
5 2.2 0.271569 0.0123073 0.0169384 0.269751 0.0125444 0.0197091 0.00550856 0.0106105 0.00194463 0.0027416
