-5 -2.2 208800 8989.24 9914.49 210344 7427.74 13428.3 4623.68 9228.2 8285.77 9012.84
-4 -1.75 316440 12208.8 13837.6 319065 12572.2 11897.4 8374.08 8638.53 13084.6 14478.2
-3 -1.25 396300 14106.3 16329.3 400663 19012.9 13121.2 14071.6 5485.62 16789 19088.4
-2 -0.75 435310 15984.9 17359.4 439458 12713.1 25619.3 3215.1 14869.4 18488.7 21493.4
-1 -0.25 453670 19124.8 18507.5 447272 13577.7 21967.1 1948.62 12198 19324.7 22621.2
1 0.25 466510 20717.3 20093.7 448039 17863 19364.7 5361.34 12328.8 19004.6 23341.4
2 0.75 480800 22846.7 20469.7 450034 20658.6 19625.7 10218.7 14590.9 20380.6 24211.6
3 1.25 497140 22471.7 20439.9 455315 18574.7 20682.9 12062.1 18089.3 20361.9 25665
4 1.75 508370 21089.1 21988.4 459284 19390 19067.5 16732.9 16970 21191.1 26773.6
5 2.2 497870 19403.4 22878.2 448349 17060.8 19604.4 16748.6 22620.9 21272.1 26611.4
