-5 -2.2 308450 13238.5 15442.5 317620 16425.2 13534.4 12684.3 7016.27 13027.6 14744.4
-4 -1.75 337200 13972.8 15527.3 347283 12323.2 21007.4 7681.42 12265.4 14435.1 16579.9
-3 -1.25 352410 13953 15052.1 359813 14885 14651.1 7328.25 8735.73 15541.3 17224.2
-2 -0.75 359490 14408.2 14940.2 361090 11957.1 17976.2 5057.31 9684.88 15714.4 17868.1
-1 -0.25 360930 16347.5 16281.9 351235 19447.5 11334.7 7222.98 4165.84 15493.8 18236.2
1 0.25 357400 18052.4 17182.5 341790 16900.4 15663.7 4450.04 7699.69 15443 17918.5
2 0.75 348030 17355.5 17260.8 327078 14193.5 19146.7 2964.19 12463.5 14918.8 17507.8
3 1.25 332060 14568.8 16591.3 307118 13856.6 11955.8 9236.27 9434.6 13885.2 16794.7
4 1.75 309950 12766.3 13373.4 283846 10659 13530.1 8676.52 11305 12955.8 15707.6
5 2.2 285210 12286 12578.2 257851 12060.2 10038.3 10734.6 10136 11950 14858.1
