-2.4 -2 -2.2 215370 213934 216158 215838 214523 215289 215917 214939 215225 214959 216203 218098 212799 214284 216418 214704 215574 213283 214860 217301 213028 210112 222103 217662 213595 218413 213423 216307 215187 217075 211750 216694 214550 213321 216941 215372 215364 215412 216211 213790 215182 
-2 -1.5 -1.75 325115 323959 326440 327154 323003 324430 325737 325081 325074 324818 325072 329397 321963 324186 326745 325024 325044 323049 323041 326107 322735 317133 336996 328385 322524 327080 323655 325974 323130 327180 319527 326012 324583 322944 326161 324263 324910 325021 325454 323878 324288 
-1.5 -1 -1.25 404561 403968 404870 408155 400461 404060 406264 404823 404453 404394 405174 409732 401004 403868 405000 404782 404920 403574 400902 405294 403684 394798 419462 408507 401458 405423 404242 404753 402213 406688 397603 405248 404423 402872 406397 403663 403792 403935 403265 404658 403238 
-1 -0.5 -0.75 441825 442324 441989 446617 437270 441199 443415 443176 441691 442214 441685 446909 438538 442203 441444 441347 442412 442343 435719 441806 441521 431761 457162 445342 438805 442333 441036 442292 439447 443143 434208 442289 442025 440377 442851 440278 441338 440001 438797 442846 441031 
-0.5 0 -0.25 457891 458659 456824 463239 451824 456780 459086 458449 457075 458245 456814 461782 454803 458572 456433 455893 458459 460671 449714 458186 456398 449301 470579 461448 454996 457725 457319 459519 455723 457891 451593 458059 457772 456754 458885 454450 458399 455068 453387 458414 456831 
0 0.5 0.25 469069 470590 467864 474700 462455 468119 470194 469309 468058 469750 468073 472688 466423 470719 467063 467336 469627 472455 459320 470152 468071 461012 481794 472738 466269 469140 468629 470837 467636 468605 462660 469409 468687 468166 469800 464748 469710 465986 463884 468592 468614 
0.5 1 0.75 482092 483664 481343 487982 476291 481689 484082 483034 482363 483602 480622 485976 480116 485007 480093 481342 483491 486454 472201 484062 480722 473653 495337 486203 479856 482872 481903 485242 481992 482369 476350 483124 481672 481582 483543 477149 484243 479353 477361 481561 482204 
1 1.5 1.25 501427 501859 499671 506286 495102 499181 502491 501439 500524 502145 498699 503967 498519 502565 498233 500792 500261 503577 491982 502766 497765 491595 514894 505149 497624 501573 499989 502618 500855 501369 493717 502157 500242 500308 501227 496117 503161 497592 496685 500352 501771 
1.5 2 1.75 514991 514890 514881 518698 510429 513443 516886 514684 514607 517025 512022 517820 512736 517320 512017 516344 514104 515149 507760 517714 512081 504056 531367 520506 510911 515650 514442 517124 515704 516851 506734 516721 514433 514080 515580 510708 516955 512240 512663 515312 515806 
2 2.4 2.2 506930 506174 508309 509683 503630 505081 508952 507001 506002 508617 503473 510017 504962 509273 503931 510540 505289 504990 502425 510193 503642 494765 523898 511896 502778 508163 505729 509130 508288 510816 498061 509008 505542 506749 506905 503422 509101 505124 506554 509032 507745 
