-2.4 -2 -2.2 313440 312359 315000 314302 312499 312932 315274 313532 313562 314513 312233 313960 313467 313201 314034 315408 312918 311656 311381 313503 312489 305013 326597 316608 310832 312816 313548 313994 311418 316395 308238 315230 312707 311570 314524 312346 314524 312285 314712 315559 313942 
-2 -1.5 -1.75 343136 342428 343637 345012 340275 342240 343716 342523 343201 344593 340459 343391 342452 343297 342634 344272 342539 341784 340315 343568 342508 334447 355493 345987 340544 343424 342520 343501 341868 344808 337666 344320 342281 341792 344070 340447 343824 341772 343544 343422 343787 
-1.5 -1 -1.25 360294 360252 360350 364094 357025 359977 361229 360744 360482 362106 358137 362334 359363 361136 359370 360742 360302 359715 356590 360806 359260 353450 371383 362630 358504 362407 359350 361953 359360 360793 355697 361909 359802 359744 360660 357647 360634 358293 359748 359917 361582 
-1 -0.5 -0.75 369058 369971 368467 373437 364238 368552 370073 369415 368895 370617 366715 371413 367488 370660 367729 367891 369429 370314 363910 370389 367761 362950 378702 370972 367598 371227 367571 371073 368206 368769 364340 370033 368684 369147 369304 366955 370111 367554 366049 368427 369872 
-0.5 0 -0.25 372259 373262 371243 377398 366621 371384 373291 372571 371979 373272 370312 374679 370302 373834 370197 370304 372903 374749 365307 373995 370378 366361 380453 373965 370381 374493 370861 374661 371262 371542 367590 372456 372156 372051 372347 371380 371591 370942 367250 371770 372908 
0 0.5 0.25 369023 370318 368013 374064 363203 368166 370111 369422 368658 370094 367645 372319 366594 371006 366900 366243 370504 371862 361346 370375 367433 363549 377768 370777 367701 371196 367560 372016 368067 367635 364850 369031 369006 368701 369400 368875 368525 367811 362613 369728 368744 
0.5 1 0.75 360263 361575 359356 365847 354890 359549 361320 360378 360570 361044 359254 363591 358118 362118 358186 357367 361514 363497 353247 361628 359267 355144 368560 362938 358391 362303 359068 363698 358615 358931 356369 360853 360385 360256 360833 361205 358575 359067 353651 361312 359975 
1 1.5 1.25 345968 346601 344594 350340 340422 345129 346891 345832 345627 346180 345623 349538 342932 346616 344318 342857 346971 347882 339356 346824 344757 341009 353508 349274 344052 347566 344359 349738 342521 344482 341878 345603 345714 345402 346260 346477 344366 345071 340510 347226 345331 
1.5 2 1.75 322930 323945 322665 327634 318360 322735 323831 323367 322944 323385 322804 327743 320002 323606 322364 321192 324232 323635 318906 323423 322942 317613 331457 327006 320363 324501 322089 326044 319271 322262 319422 322754 323119 321822 324347 323709 321400 322338 319787 323305 321708 
2 2.4 2.2 297300 297539 296974 300858 293204 296858 297375 297668 297034 296901 297753 301442 294077 296543 297892 296175 297573 296687 294906 295588 297912 291273 306389 301450 294233 298275 296612 298244 293166 296828 292958 296404 297618 295156 298338 297787 295916 296068 295982 296818 295740 
