-5 -2.2 -0.185454 0.0117011 0.0117011 -0.208179 0.00588484 0.00588484 0.00553461 0.00553461 0.000849461 0.000849461
-4 -1.75 -0.0269674 0.00776013 0.00776013 -0.0403333 0.00437404 0.00437404 0.0042779 0.0042779 0.00187594 0.00187594
-3 -1.25 0.0578763 0.00745208 0.00745208 0.0526585 0.00459905 0.00459905 0.00405637 0.00405637 0.00203467 0.00203467
-2 -0.75 0.089738 0.00693696 0.00693696 0.0910075 0.003928 0.003928 0.0042864 0.0042864 0.00144389 0.00144389
-1 -0.25 0.103152 0.00532497 0.00532497 0.105667 0.00336037 0.00336037 0.00344135 0.00344135 0.000957665 0.000957665
1 0.25 0.119374 0.00559646 0.00559646 0.118862 0.00310167 0.00310167 0.0031008 0.0031008 0.000957361 0.000957361
2 0.75 0.144629 0.00750584 0.00750584 0.141281 0.00378981 0.00378981 0.00455535 0.00455535 0.000304993 0.000304993
3 1.25 0.183455 0.00924668 0.00924668 0.177492 0.00475217 0.00475217 0.00461058 0.00461058 0.000795711 0.000795711
4 1.75 0.229211 0.0103023 0.0103023 0.22131 0.00600662 0.00600662 0.00435003 0.00435003 0.0018834 0.0018834
5 2.2 0.260659 0.0117727 0.0117727 0.252464 0.00550915 0.00550915 0.00426436 0.00426436 0.00233087 0.00233087
