-5 -2.2 215370 8630.57 8630.57 208909 4530.97 4530.97 2926.79 2926.79 8570.77 8570.77
-4 -1.75 325115 12437.7 12437.7 325732 7235.29 7235.29 4040.67 4040.67 13631.7 13631.7
-3 -1.25 404561 15139.3 15139.3 414339 9030.15 9030.15 5719.34 5719.34 17691.6 17691.6
-2 -0.75 441825 15813.2 15813.2 455506 8911.6 8911.6 8060.33 8060.33 19660.8 19660.8
-1 -0.25 457891 15001.8 15001.8 465733 8827.36 8827.36 8183.45 8183.45 20595.8 20595.8
1 0.25 469069 15432.1 15432.1 464203 8217.21 8217.21 7572.1 7572.1 20655 20655
2 0.75 482092 16228.1 16228.1 462378 8285.2 8285.2 9722.67 9722.67 21922.1 21922.1
3 1.25 501427 16449.4 16449.4 465068 8250.33 8250.33 16049.3 16049.3 22578.7 22578.7
4 1.75 514991 17616 17616 466436 8772.56 8772.56 21657.3 21657.3 23586.6 23586.6
5 2.2 506930 18466.1 18466.1 451331 8911.06 8911.06 26802.2 26802.2 23639.7 23639.7
