-5 -2.2 313440 12554.2 12554.2 318758 7573.86 7573.86 4241.65 4241.65 13716.5 13716.5
-4 -1.75 343136 12271 12271 353112 7242.29 7242.29 5040.15 5040.15 15278.3 15278.3
-3 -1.25 360294 11083.9 11083.9 372885 6524.05 6524.05 5100.96 5100.96 16135.3 16135.3
-2 -0.75 369058 11133.8 11133.8 379513 6184.76 6184.76 6761.7 6761.7 16507.5 16507.5
-1 -0.25 372259 11632.8 11632.8 376714 6227.01 6227.01 7204.14 7204.14 16558.4 16558.4
1 0.25 369023 12221.7 12221.7 365574 6218.64 6218.64 6158.36 6158.36 16389 16389
2 0.75 360263 12111.2 12111.2 347901 5882.31 5882.31 6097.82 6097.82 15929.9 15929.9
3 1.25 345968 11520.7 11520.7 324862 5880.13 5880.13 9039.12 9039.12 15067 15067
4 1.75 322930 11170.3 11170.3 297393 5721.63 5721.63 11884.4 11884.4 14100.2 14100.2
5 2.2 297300 10808.2 10808.2 269378 5430.23 5430.23 13778.2 13778.2 13198.5 13198.5
