-2.4 -2 -2.2 318758 317854 319605 319297 317919 318423 318838 318619 318517 319373 317601 318997 318487 318093 318578 319684 318053 317941 317921 319034 318553 313688 326836 320637 317203 318320 318507 319122 317998 320469 316162 319285 318314 318049 319086 317763 319457 317474 319908 319791 318224 318052 319284 318659 318712 318576 319390 318263 319224 317700 319545 317734 319073 318584 318778 317875 319456 318191 318795 317756 319321 318169 319968 320076 316924 317046 320225 317201 320237 321216 316135 
-2 -1.5 -1.75 353112 353087 353646 354509 352502 353008 354037 353273 353222 354212 352818 353784 353262 353682 353842 354082 352919 352859 352467 353183 353122 348591 361507 355269 351941 353294 353373 353528 352629 354529 351151 353674 353079 352473 353936 351890 353773 352168 354256 353963 353608 353130 352966 353810 352824 351755 354887 352702 353482 351703 353271 353420 352989 352949 353289 353351 353652 352643 353456 352129 354688 351208 355313 354963 351419 351365 354690 352257 354258 356487 350515 
-1.5 -1 -1.25 372885 372680 372881 373996 371169 372442 372980 372989 372745 373433 371459 373397 372298 372877 371769 372851 372930 373024 371397 373139 372368 368664 379995 374190 371443 373688 372104 373882 372172 373015 370760 373461 372649 372579 372492 371657 372884 371339 372727 372012 373330 374876 370556 373925 372578 370811 375210 373393 373065 372275 371855 373380 370607 372432 373391 373247 372220 372587 372531 371429 374764 371581 374193 374167 371744 372064 374390 373014 373304 375631 370632 
-1 -0.5 -0.75 379513 380329 379243 381367 377167 379195 379921 380026 379221 380021 378529 381230 378920 380038 378977 379088 379898 380961 377341 380096 379133 376215 385622 381228 378914 380592 379167 380775 378616 380021 377770 379839 379266 379774 379616 378774 379896 378786 378202 378974 380415 383347 375550 381424 378723 376442 383160 381442 380244 380707 378537 381598 377532 379738 380391 381252 378826 379708 379587 378193 382034 379058 380690 379769 379371 379036 380712 381281 379134 381822 377864 
-0.5 0 -0.25 376714 376768 375891 378822 374252 376417 376966 376629 376833 377311 375572 377911 375271 377166 375613 375656 376479 378429 373277 377045 375890 373196 381923 377443 375389 377735 375932 377718 376023 376561 375271 376714 376788 376245 376475 376007 376433 376017 374441 375644 376764 381680 371773 378368 374757 373674 379435 378541 376086 377936 376854 378292 375129 376305 376674 378059 375005 376698 376525 374948 378474 376687 376304 375773 377226 376660 376841 378414 374146 377512 375618 
0 0.5 0.25 365574 366613 365073 367490 362855 365024 366008 365575 365206 365897 365275 367318 364596 365919 364600 364131 366102 367338 361889 365962 364869 362484 370670 366571 364786 366504 365108 366949 364813 365377 364092 365559 365550 365597 365772 365572 365238 365091 362496 365846 365417 370472 360194 367727 363730 365362 365949 367132 366464 366450 366065 366646 365423 365651 365143 365952 365224 364821 365979 364613 366535 366181 364712 364722 366313 366208 365094 367538 363557 365869 365641 
0.5 1 0.75 347901 348280 347158 349921 345914 347679 348290 347944 347710 347745 347432 349745 346698 348510 346981 346674 348477 350191 344900 348427 347215 345419 352311 349451 346931 348837 346929 349386 346546 347673 346548 347869 347727 347608 347705 348226 347342 347707 344814 348203 347727 352079 344279 349946 346645 350610 345345 347530 349565 348026 348679 347704 348163 348891 347332 347805 347755 347335 349176 347877 347819 348510 346770 347460 348643 349279 346533 350108 345384 346773 348868 
1 1.5 1.25 324862 325783 324313 326953 322596 324568 325168 325127 324880 325104 324823 326848 323260 325397 324287 323512 325394 326375 322082 325459 324600 322570 329464 326766 324032 326198 324657 327135 323399 324754 323641 324932 325047 324670 325161 325359 324566 324692 322508 326083 324811 328107 322577 326104 323748 331495 318310 323025 328299 325249 325387 324693 326132 326610 323608 323869 326317 324488 325534 326558 324264 326225 324072 325550 324658 327937 322528 326706 323097 323136 327363 
1.5 2 1.75 297393 297521 297444 299083 295738 297539 297745 297235 297471 297655 297536 300405 296020 297567 297131 296400 298058 298229 295929 297375 297338 294738 302325 299637 296090 298135 296879 299324 295669 297560 296540 297177 297469 297127 297678 298312 297142 297418 296239 298403 296696 299711 296975 298637 297249 306684 288277 293892 301827 298027 297605 296732 298546 299922 295955 295599 299421 296448 299063 299673 294983 299182 296288 298769 296693 300855 294463 299234 296151 294969 300267 
2 2.4 2.2 269378 269289 269039 270339 267374 269123 268758 269391 268927 268745 269339 271188 267440 268992 269031 268228 269079 268810 268258 268688 269614 265757 274048 270912 267804 269612 268923 269751 266749 269395 267868 268914 269153 268398 269487 268910 268591 268519 268452 269268 268324 269417 270126 269242 269465 279447 258029 264547 273362 269857 268831 268021 270287 271531 266767 266221 271752 268232 269973 272181 266259 270337 268147 270804 267174 272900 265654 270730 267596 265901 272571 
