-5 -2.2 -0.185454 0.00699833 0.00863912 -0.208179 0.0059419 0.00687306 0.00525986 0.00643615 0.00131212 0.000874943
-4 -1.75 -0.0269674 0.00604458 0.00393957 -0.0403333 0.00429343 0.00561354 0.00345435 0.00549056 0.00212504 0.001857
-3 -1.25 0.0578763 0.00427676 0.00389643 0.0526585 0.00698432 0.00298972 0.0056812 0.00286146 0.00162103 0.00247038
-2 -0.75 0.089738 0.00537771 0.00359809 0.0910075 0.00352768 0.00486899 0.00325281 0.00566587 0.00118753 0.00171476
-1 -0.25 0.103152 0.00346314 0.00338423 0.105667 0.0052255 0.00229557 0.00476424 0.00340813 0.001232 0.00074641
1 0.25 0.119374 0.00251671 0.00403932 0.118862 0.00425621 0.0027777 0.00372393 0.00323553 0.000479111 0.00181266
2 0.75 0.144629 0.00565928 0.00334296 0.141281 0.00562923 0.00267134 0.00622597 0.00339638 0.000198663 0.000666047
3 1.25 0.183455 0.0041259 0.00807298 0.177492 0.00381156 0.00637995 0.00399032 0.0060546 0.000137754 0.00158318
4 1.75 0.229211 0.00489419 0.00656214 0.22131 0.00548092 0.00708217 0.00291985 0.00605126 0.00126965 0.00255709
5 2.2 0.260659 0.00625494 0.00513362 0.252464 0.00910056 0.00313132 0.00541997 0.00335841 0.00194463 0.0027416
