-5 -2.2 215370 5587.67 4617.92 208909 5116.51 4290.28 2489.59 3551.2 8285.77 9012.84
-4 -1.75 325115 8616.67 6499.63 325732 8934.83 5949.29 3990.26 4249.75 13084.6 14478.2
-3 -1.25 404561 10491.9 6616.99 414339 11095.3 7384.81 6448.81 5243.05 16789 19088.4
-2 -0.75 441825 10795.5 6862.59 455506 10521 7876.81 8574.74 7792.03 18488.7 21493.4
-1 -0.25 457891 9425.76 8547.97 465733 10336 8194.84 8898.61 7784.45 19324.7 22621.2
1 0.25 469069 8800.21 9028.81 464203 9560.53 7782.71 8734.42 6713.47 19004.6 23341.4
2 0.75 482092 11671.1 6929.06 462378 10330 7007.55 11845.1 7949.35 20380.6 24211.6
3 1.25 501427 8670.81 11456.8 465068 8774.23 8760.37 16159.1 16105.9 20361.9 25665
4 1.75 514991 11010.7 9180.52 466436 10415.7 7835.83 21477.1 21913.5 21191.1 26773.6
5 2.2 506930 12605.8 8983.45 451331 10139.3 8183.79 26443.7 27233 21272.1 26611.4
