-5 -2.2 313440 9060.14 6067.87 318758 8802.93 6636.31 4000.04 4586.46 13027.6 14744.4
-4 -1.75 343136 7786.76 6038.76 353112 9332.8 5441.19 5503.17 4727.15 14435.1 16579.9
-3 -1.25 360294 8002.76 5139.03 372885 7506.21 6301.52 5311.08 5264.52 15541.3 17224.2
-2 -0.75 369058 7145.83 5467.78 379513 7416.88 5497.92 7917.08 6014.1 15714.4 17868.1
-1 -0.25 372259 6772.79 6232.29 376714 6268.34 7026.99 7129.78 7448.91 15493.8 18236.2
1 0.25 369023 6729.9 6547.21 365574 6448.01 7000.63 6293.45 6322.89 15443 17918.5
2 0.75 360263 7082.46 6609.76 347901 6255.38 6307.36 6606.91 5747.25 14918.8 17507.8
3 1.25 345968 6842.05 7011.63 324862 6798.42 5772.74 9985.66 8249.71 13885.2 16794.7
4 1.75 322930 7419.46 5057.15 297393 6995.31 4749.62 12722.4 11211.3 12955.8 15707.6
5 2.2 297300 7102.39 5525.87 269378 5350.1 6389.73 12835.2 14752.3 11950 14858.1
