-2.4 -2 -2.2 215370 214508 215816 215498 214956 215192 215465 215054 215249 214921 215551 217472 213981 214999 215704 214988 215327 214238 215125 216293 214574 212598 219744 216599 214153 217193 214668 215918 214757 216117 213776 215638 215422 213976 215819 215405 215223 215333 216066 214183 215373 
-2 -1.5 -1.75 325115 324292 325789 325969 324065 324801 325535 324833 325161 325335 325143 327820 323171 324662 325857 325006 325170 324573 324755 325911 324435 320457 332613 327270 323642 325937 324624 325556 323671 326241 322339 326071 324530 324262 325701 324981 324964 324715 325385 324496 324589 
-1.5 -1 -1.25 404561 404322 404806 406083 403135 404051 404857 405456 404260 404418 404779 407622 403284 405118 404856 404856 404740 404048 403688 405125 404172 399290 413881 406834 403367 405274 404233 405035 404106 406190 401779 405158 405127 403668 405069 403983 404605 404113 404664 405361 404133 
-1 -0.5 -0.75 441825 441975 442143 443890 439768 441888 442896 442378 441828 441879 441790 444748 440328 441710 442036 441951 442171 442866 439633 441842 442288 437221 451292 444333 440308 441855 441890 442473 440331 442548 438878 441800 441579 441321 442918 441702 442365 440937 441325 443364 441305 
-0.5 0 -0.25 457891 458535 457574 460316 455088 457025 458034 458074 458075 457854 457467 460806 456027 457885 456984 456877 458308 460017 454250 457939 457029 452814 465740 460041 456542 457872 458265 458814 456781 458908 455092 457983 458019 457517 458106 456271 457852 457122 455637 458883 457301 
0 0.5 0.25 469069 470104 467970 471133 465871 468656 469206 469256 468054 469185 468260 471290 467413 469441 468125 468179 468989 471383 464030 469519 468511 464637 476499 471213 467342 468793 468358 470066 468151 469342 466811 468864 468744 468282 469171 467292 469796 467456 466835 469157 468675 
0.5 1 0.75 482092 483314 481942 485262 479992 482148 484498 483187 482516 483242 482302 484623 481305 483384 481923 481511 482957 485456 478096 483219 481361 478079 490869 484746 481254 483737 482603 483870 481864 482773 480170 482964 482578 482548 483020 480403 483227 480491 480453 482668 483369 
1 1.5 1.25 501427 501485 499863 502834 498119 499925 500804 500742 500669 500930 499791 502411 499659 501521 499062 501119 500655 502995 496521 501728 500257 495534 509446 503687 499196 500764 500397 501714 500162 501841 497638 500657 500860 500230 500975 498253 501516 499065 499668 499636 500814 
1.5 2 1.75 514991 515073 515235 517217 512456 514169 516042 514927 514797 515998 513954 516923 513625 515983 513928 515556 514541 515339 512170 516164 513318 508766 524598 517985 512693 515587 514621 515955 515678 516183 511771 516714 514217 514549 514917 512896 515527 513529 514051 514487 515583 
2 2.4 2.2 506930 505911 507311 507708 505691 506037 507501 507459 507021 507741 505740 508734 506187 507431 505175 508575 506461 506576 505500 507591 505949 500529 518346 510226 504809 508028 506626 507654 506821 509210 502619 506397 506535 506546 507677 505322 507838 505560 507761 506892 507160 
