-2.4 -2 -2.2 313440 312661 314677 313877 312879 312760 314615 313538 313879 313665 312746 313804 313932 313192 313104 314609 313214 312886 313216 314194 313384 308504 321447 315655 312168 313136 313930 313866 312996 315145 310957 314169 313467 312750 314103 312503 313711 312759 314664 314734 312966 
-2 -1.5 -1.75 343136 342279 342948 343771 342088 342851 343144 342759 342816 343692 341733 343380 342566 343122 343292 343761 342412 342278 342185 342717 342839 338992 350570 344565 341639 343540 342585 343200 342621 343939 340726 343702 342591 342483 343437 341858 343318 341598 343757 343842 343182 
-1.5 -1 -1.25 360294 360910 360399 362150 358448 360067 360590 360557 360446 361048 359684 361265 359688 360591 359920 360505 360504 360582 358871 361153 360045 356532 367292 362169 359452 361393 359940 361652 359488 360946 358790 360996 360240 360018 360537 359585 361003 359093 360349 360046 361053 
-1 -0.5 -0.75 369058 369422 368639 370663 367333 369019 369503 369331 369188 370187 367898 370683 368344 369728 368653 368778 369263 370141 367022 369587 368424 365631 375155 370077 368399 370317 368167 370250 368498 369525 367091 369421 369267 369191 368961 367837 369242 368349 368091 368345 369835 
-0.5 0 -0.25 372259 372900 371971 374514 369950 371598 372799 372692 372126 372466 371618 373604 371218 372588 371275 370702 372626 374213 369034 372824 371337 369458 377674 373639 371409 373417 371815 373244 371584 372331 370706 372346 372129 372345 372565 371994 372356 371547 370141 371466 372359 
0 0.5 0.25 369023 369945 368398 371474 366488 368791 369632 369127 368937 369533 368366 370741 367897 369970 368141 367840 369401 371247 365685 369562 368726 366041 373890 370210 368139 370089 368462 370518 368663 368999 367582 369083 369242 368589 369111 369199 368737 368625 366122 369121 369082 
0.5 1 0.75 360263 360969 359619 362530 357583 359790 360655 360637 360105 360349 359978 362575 359153 360974 359438 358971 360978 362355 357037 360801 359694 357246 365264 361582 359549 361618 359811 362130 358843 360136 359087 360410 360158 360325 360518 360816 360083 360494 357421 361086 359927 
1 1.5 1.25 345968 346295 345257 348459 343711 345700 346277 345337 345892 346265 345685 348455 344222 346206 344928 344210 346009 347459 342912 346307 345524 343137 350620 347598 344453 346794 345270 348237 344064 345527 344404 345618 345698 345588 346092 346967 344909 345808 343259 346739 345155 
1.5 2 1.75 322930 323589 322740 324459 320666 322709 323411 322902 323225 322946 322955 325582 321561 323230 323035 322279 323682 323835 321302 322983 322794 320249 328252 325806 321648 323819 322512 324860 321147 323084 322004 323179 323163 322551 323195 323803 322520 322703 321575 324121 322476 
2 2.4 2.2 297300 297273 297273 298801 295887 297217 297461 298045 296766 297417 297689 299810 295372 297446 297312 296434 297446 297227 296678 297185 297839 294013 303045 299585 295889 298099 297135 298314 295282 297583 295393 296688 297529 295989 297988 297548 297046 296599 296809 297815 296855 
