-5 -2.2 -0.185454 0.00699833 0.00863912 -0.199498 0.010196 0.00431901 0.0105452 0.00753009 0.00131212 0.000874943
-4 -1.75 -0.0269674 0.00604458 0.00393957 -0.0365477 0.00541325 0.00438012 0.00382078 0.00474973 0.00212504 0.001857
-3 -1.25 0.0578763 0.00427676 0.00389643 0.0548442 0.00457624 0.00338979 0.00342899 0.00285554 0.00162103 0.00247038
-2 -0.75 0.089738 0.00537771 0.00359809 0.0922928 0.00546133 0.00383217 0.00544833 0.00262697 0.00118753 0.00171476
-1 -0.25 0.103152 0.00346314 0.00338423 0.10708 0.00576131 0.00206692 0.00745239 0.00210392 0.001232 0.00074641
1 0.25 0.119374 0.00251671 0.00403932 0.121986 0.000909259 0.00771369 0.000740708 0.00715411 0.000479111 0.00181266
2 0.75 0.144629 0.00565928 0.00334296 0.144343 0.00521597 0.00367025 0.00452983 0.000894745 0.000198663 0.000666047
3 1.25 0.183455 0.0041259 0.00807298 0.180803 0.00370664 0.00661521 0.000918438 0.00392309 0.000137754 0.00158318
4 1.75 0.229211 0.00489419 0.00656214 0.223616 0.0080962 0.00496515 0.00353832 0.00160079 0.00126965 0.00255709
5 2.2 0.260659 0.00625494 0.00513362 0.256317 0.00679147 0.00493462 0.00352412 0.00372837 0.00194463 0.0027416
