-5 -2.2 313440 9060.14 6067.87 322260 9269.15 6081 10764 8562.41 13027.6 14744.4
-4 -1.75 343136 7786.76 6038.76 353498 8185.69 6316.32 9059.4 9686.59 14435.1 16579.9
-3 -1.25 360294 8002.76 5139.03 367581 7659.42 5683.98 6782.67 7498.84 15541.3 17224.2
-2 -0.75 369058 7145.83 5467.78 369504 6607.43 6070.63 3684.91 8022.96 15714.4 17868.1
-1 -0.25 372259 6772.79 6232.29 363333 6547.62 6151.43 2823.75 6541.35 15493.8 18236.2
1 0.25 369023 6729.9 6547.21 352707 7969.09 5019.14 5629.32 6801.32 15443 17918.5
2 0.75 360263 7082.46 6609.76 339067 5554.66 7305.06 5367.15 10627.7 14918.8 17507.8
3 1.25 345968 6842.05 7011.63 320034 7471.03 4881.99 9613.3 9786.11 13885.2 16794.7
4 1.75 322930 7419.46 5057.15 296867 6190.23 5780.57 8750.75 11261.8 12955.8 15707.6
5 2.2 297300 7102.39 5525.87 270788 6050.67 4901.43 8825.23 10998.1 11950 14858.1
