-5 -2.2 215370 5587.67 4617.92 215065 6863.85 3115.73 6996.67 5024.09 8285.77 9012.84
-4 -1.75 325115 8616.67 6499.63 328570 8509.67 6668.22 7641.49 9336.41 13084.6 14478.2
-3 -1.25 404561 10491.9 6616.99 410240 10909.3 6904.52 8928.32 8718.44 16789 19088.4
-2 -0.75 441825 10795.5 6862.59 444644 10188 8096.49 6227.94 8369.24 18488.7 21493.4
-1 -0.25 457891 9425.76 8547.97 450476 10890.7 6805.09 6129.12 6004.54 19324.7 22621.2
1 0.25 469069 8800.21 9028.81 450713 7906.36 9475.04 4021.27 10908.5 19004.6 23341.4
2 0.75 482092 11671.1 6929.06 453463 8977.06 8036 9908.77 12909.3 20380.6 24211.6
3 1.25 501427 8670.81 11456.8 461302 9804.05 7122.66 12753.7 15958.2 20361.9 25665
4 1.75 514991 11010.7 9180.52 467876 10847.3 6775.73 16586.2 18059 21191.1 26773.6
5 2.2 506930 12605.8 8983.45 457447 10780 8906.64 16606 20848.3 21272.1 26611.4
