-5 -2.2 -0.192653 0.0137519 0.0125172 -0.215376 0.0188031 0.0112779 0.0111286 0.00785453 0.00131212 0.000874943
-4 -1.75 -0.0317606 0.00969723 0.0114901 -0.0465022 0.0190087 0.00857197 0.0092112 0.0026345 0.00212504 0.001857
-3 -1.25 0.0586208 0.00713025 0.00848484 0.0539073 0.00565553 0.0124906 0.00539139 0.0110886 0.00162103 0.00247038
-2 -0.75 0.0953951 0.0064876 0.00637997 0.0964275 0.00592799 0.0134641 0.00227178 0.00871592 0.00118753 0.00171476
-1 -0.25 0.113847 0.00771929 0.00776661 0.115851 0.0102055 0.0111743 0.00551117 0.00652586 0.001232 0.00074641
1 0.25 0.13243 0.00985518 0.0118106 0.13209 0.0117184 0.00946079 0.00786153 0.00407236 0.000479111 0.00181266
2 0.75 0.16019 0.0123189 0.0114505 0.156091 0.0117722 0.0158616 0.00516152 0.00745059 0.000198663 0.000666047
3 1.25 0.199083 0.0161152 0.0131075 0.19231 0.00448243 0.0232568 0.000604303 0.0147293 0.000137754 0.00158318
4 1.75 0.242472 0.0127554 0.0155973 0.234428 0.0155182 0.0168524 0.00589003 0.00464899 0.00126965 0.00255709
5 2.2 0.271569 0.0123073 0.0169384 0.263377 0.0240896 0.0114918 0.0152723 0.00482297 0.00194463 0.0027416
