-5 -2.2 308450 13238.5 15442.5 313640 14108.6 15324.7 6165.64 6297.17 13027.6 14744.4
-4 -1.75 337200 13972.8 15527.3 348030 9294.58 22933.3 1099.75 8802.61 14435.1 16579.9
-3 -1.25 352410 13953 15052.1 364960 16409.1 13809.4 7974.48 4550.16 15541.3 17224.2
-2 -0.75 359490 14408.2 14940.2 369900 15591 13282.9 9159.24 5725.77 15714.4 17868.1
-1 -0.25 360930 16347.5 16281.9 365790 14515.5 16315.8 7912.11 8026.04 15493.8 18236.2
1 0.25 357400 18052.4 17182.5 353630 18306.3 16869.5 6600.4 5382.46 15443 17918.5
2 0.75 348030 17355.5 17260.8 335070 16734.3 14200 7642.7 5077.99 14918.8 17507.8
3 1.25 332060 14568.8 16591.3 311510 17515.2 12064 11252.3 6363.96 13885.2 16794.7
4 1.75 309950 12766.3 13373.4 284050 11513.7 11224.7 12776.5 11508.8 12955.8 15707.6
5 2.2 285210 12286 12578.2 256750 9482.76 12491.4 11564.2 12839 11950 14858.1
