-5 -2.2 208800 8989.24 9914.49 202480 10802 8605.97 4229.09 2749.72 8285.77 9012.84
-4 -1.75 316440 12208.8 13837.6 317100 11305.4 15099.9 3444.94 6465.78 13084.6 14478.2
-3 -1.25 396300 14106.3 16329.3 406550 12054.9 17383.4 5913.36 7365.99 16789 19088.4
-2 -0.75 435310 15984.9 17359.4 448850 15111.5 18997.5 7692.69 8886.73 18488.7 21493.4
-1 -0.25 453670 19124.8 18507.5 461650 18455.2 20277 7442.64 9502.07 19324.7 22621.2
1 0.25 466510 20717.3 20093.7 461270 22457.5 18000.2 11596.4 6531.69 19004.6 23341.4
2 0.75 480800 22846.7 20469.7 459020 21546.4 17924.9 10297.4 9567.38 20380.6 24211.6
3 1.25 497140 22471.7 20439.9 459850 14974 22807.7 10494.6 19241 20361.9 25665
4 1.75 508370 21089.1 21988.4 458010 20456.3 19823.4 23732.9 20190 21191.1 26773.6
5 2.2 497870 19403.4 22878.2 440350 23261.3 15744.4 31553.7 23622.7 21272.1 26611.4
