-5 -2.2 -0.192653 0.0137519 0.0125172 -0.214784 0.0179639 0.0102106 0.00971371 0.00620189 0.00131212 0.000874943
-4 -1.75 -0.0317606 0.00969723 0.0114901 -0.0438464 0.0124303 0.0122998 0.00563143 0.00349093 0.00212504 0.001857
-3 -1.25 0.0586208 0.00713025 0.00848484 0.0593977 0.0058694 0.0101504 0.00213686 0.00565237 0.00162103 0.00247038
-2 -0.75 0.0953951 0.0064876 0.00637997 0.0952485 0.0070594 0.00660751 0.00583707 0.00356478 0.00118753 0.00171476
-1 -0.25 0.113847 0.00771929 0.00776661 0.116786 0.01127 0.00546898 0.00959641 0.00170454 0.001232 0.00074641
1 0.25 0.13243 0.00985518 0.0118106 0.135579 0.00970997 0.0106098 0.00345043 0.00458654 0.000479111 0.00181266
2 0.75 0.16019 0.0123189 0.0114505 0.16028 0.00988152 0.0151233 0.0013808 0.00527452 0.000198663 0.000666047
3 1.25 0.199083 0.0161152 0.0131075 0.192024 0.0170519 0.00882643 0.00762925 0.000359498 0.000137754 0.00158318
4 1.75 0.242472 0.0127554 0.0155973 0.23736 0.00928554 0.0177624 0.00169119 0.0062143 0.00126965 0.00255709
5 2.2 0.271569 0.0123073 0.0169384 0.261408 0.0171561 0.0149934 0.00854143 0.00141054 0.00194463 0.0027416
