-5 -2.2 308450 13238.5 15442.5 325861 11679.6 18349.3 9493.32 9956.73 13027.6 14744.4
-4 -1.75 337200 13972.8 15527.3 347688 13893.2 16373.2 8775.85 9476.13 14435.1 16579.9
-3 -1.25 352410 13953 15052.1 359058 16255.1 12003.6 9575 6208.09 15541.3 17224.2
-2 -0.75 359490 14408.2 14940.2 360790 13424.2 14711.1 2929.77 6426.54 15714.4 17868.1
-1 -0.25 360930 16347.5 16281.9 353339 14300 15777.6 1869.5 7417.67 15493.8 18236.2
1 0.25 357400 18052.4 17182.5 341760 16260.4 15687.7 4922.18 6876.24 15443 17918.5
2 0.75 348030 17355.5 17260.8 326369 17013.3 14605 6905.89 8974.02 14918.8 17507.8
3 1.25 332060 14568.8 16591.3 308341 11711.3 14967.6 7263.83 12216.2 13885.2 16794.7
4 1.75 309950 12766.3 13373.4 282537 12503.1 10542 9563.55 9264.51 12955.8 15707.6
5 2.2 285210 12286 12578.2 261710 9628.1 12219.2 7927.2 11686.1 11950 14858.1
