-5 -2.2 208800 8989.24 9914.49 210631 9274.64 9221.59 5847.04 5312.46 8285.77 9012.84
-4 -1.75 316440 12208.8 13837.6 318479 11696.4 13757.7 8840.77 7920.74 13084.6 14478.2
-3 -1.25 396300 14106.3 16329.3 404406 14977.4 14204.1 9157.41 8113.67 16789 19088.4
-2 -0.75 435310 15984.9 17359.4 436755 15292.2 17479 6256.07 8283.51 18488.7 21493.4
-1 -0.25 453670 19124.8 18507.5 446782 19273.9 16376.6 5614.01 5530.38 19324.7 22621.2
1 0.25 466510 20717.3 20093.7 448966 19490.9 18274.9 5638.59 9447.36 19004.6 23341.4
2 0.75 480800 22846.7 20469.7 450959 20068.8 19571.4 8043.31 14262.2 20380.6 24211.6
3 1.25 497140 22471.7 20439.9 454902 21428.5 16016.9 15302.4 14374.1 20361.9 25665
4 1.75 508370 21089.1 21988.4 458408 17321.7 18922 14222.9 17942.1 21191.1 26773.6
5 2.2 497870 19403.4 22878.2 446963 18368.2 18332.4 17896.9 18572.6 21272.1 26611.4
