-2.4 -2 -2.2 312201 310775 312880 308230 315790 310346 313341 303501 319578 313281 311459 312518 311647 309841 314728 311910 311441 305867 314537 309147 312581 308658 315441 311928 310072 312446 311231 314064 310905 311518 312446 312381 311893 312159 310799 308661 313557 309881 314480 313762 308480 317026 308377 313795 311085 310690 318733 310959 307348 309168 312745 311431 310065 310882 311362 312650 312516 312404 313641 312290 312780 310617 312184 309798 313067 309921 313590 311063 313470 311103 312532 310884 312830 312167 313537 313963 310258 310276 314883 311443 313764 314345 310961 
-2 -1.5 -1.75 351558 348623 355258 350640 353266 348706 353677 343633 359370 351835 351514 352514 352221 347945 356400 351804 352635 346585 354779 350542 352447 348868 354072 350118 349039 353664 349112 353100 350389 350837 353334 352556 351517 352611 349680 347786 353375 350460 354014 356304 349215 355755 346744 354241 349255 349566 359731 350787 348677 348771 352479 351412 350131 351502 351627 352018 351703 350440 353917 350343 352980 350042 352694 351858 350863 353578 351084 352492 352397 351323 351915 351069 353641 349214 353862 352610 350137 350353 353591 349542 353729 355674 347389 
-1.5 -1 -1.25 371385 366227 376024 369681 372267 368164 375261 364070 377169 370283 373321 371008 371776 367177 377696 371143 369749 369636 372662 368998 371804 370611 372352 372702 369040 371884 368535 367575 371106 370252 371516 371526 371107 372180 370531 369650 373447 370961 372538 376122 367635 374461 369563 373315 370144 369322 375807 371366 367111 369347 370155 372860 367609 374547 369721 373625 371260 369102 374035 372590 372135 372429 370766 373351 369801 371170 372500 371725 370859 371941 372453 370478 374746 370964 372923 373897 370077 370905 372770 372626 371585 373924 370683 
-1 -0.5 -0.75 375864 370272 382067 376018 377186 370772 379342 370510 380562 374263 378846 372881 376938 369749 383969 375925 377310 374081 376014 372652 376450 374182 376047 377459 369698 376902 373232 380208 374833 375064 376795 374828 379418 374078 375012 374482 378075 376541 375824 380363 375241 377671 374885 377108 374195 374799 379592 376520 370244 373406 372934 376865 373547 379867 371859 377111 374717 373193 378469 377727 376080 376003 375291 377005 373499 376250 375710 377197 374880 375058 375061 373835 377379 375317 376812 375646 374733 374868 376569 377288 375774 377815 374371 
-0.5 0 -0.25 371067 363831 375503 368988 370530 364735 375171 364972 373083 367091 373160 367991 372243 365576 379559 369664 370501 369466 370997 367505 371076 369382 371849 374782 365591 371469 368083 368623 371804 370923 370764 368235 373008 368868 369254 369227 374560 372657 369377 374233 369650 371101 370561 370704 371629 370616 371099 372738 366595 370152 367513 370742 368931 375744 365499 372606 367687 368659 374026 372313 371010 371795 370610 372293 369463 371082 370825 372702 369408 370322 370336 368827 372621 369577 369273 369263 371222 371094 370558 371562 368285 371548 368691 
0 0.5 0.25 360595 352957 366454 360654 358968 354666 364473 357279 361962 357140 362781 356527 360518 352054 370363 358759 359588 358794 358133 356745 360576 358203 360894 366026 353705 359941 358461 357609 359506 358145 358248 356649 363767 356629 359217 358934 361722 361584 357469 362765 361139 358059 360306 356707 360630 363233 357925 363124 352920 359616 356186 359893 358839 364402 353679 360955 357496 358186 359230 360979 359111 360675 359927 363001 359369 359338 359360 359345 358962 358908 359737 358187 360534 360246 359558 358439 361060 359300 358898 362617 357241 359076 359427 
0.5 1 0.75 339956 335641 347211 339053 341025 335073 345254 337442 343228 338913 344967 337888 343165 334993 351116 341525 340930 340666 341427 338504 341473 340351 342076 346804 333874 341554 338220 339414 340438 340855 342673 338374 345595 337644 342571 340827 344883 342825 340722 342586 342543 340392 341387 339474 344001 344574 341003 344043 335961 341613 337833 340777 340656 345292 337485 343598 337888 343929 339696 340967 343565 340669 341557 339739 340786 342560 341160 340983 340950 340212 342752 342030 340657 341777 339665 342046 340543 343190 339923 342331 338277 340133 341568 
1 1.5 1.25 316727 311697 321904 316621 319182 313362 322024 313466 319771 315540 319002 314638 319386 312098 325291 316875 316822 316839 316988 315050 317507 315678 319110 320752 312299 317984 316379 316127 317511 316688 317781 315309 320165 315025 317894 317584 318827 317107 317051 318785 319107 317394 317563 315253 320107 318539 317936 319703 312492 317817 313883 317727 315902 320449 315455 318848 319716 324312 310805 315700 319516 317577 317159 316799 318872 317875 315661 316645 319082 317352 317960 318829 316036 319190 316642 316741 317084 319860 315284 319324 316834 315780 320272 
1.5 2 1.75 287973 283690 293500 289451 289019 284660 291803 284731 292763 286782 291930 285847 290869 284896 295837 288779 288503 288427 289152 287653 289148 288513 288914 292298 286137 288580 289844 289219 289256 288278 289188 287954 291406 287705 288377 289807 289306 289422 289771 291888 290528 290622 286674 286939 291401 289465 292413 290133 283797 286441 286952 289185 287681 291256 287848 290400 288154 297437 280598 285444 293841 289429 289405 288403 289862 291799 287287 287767 291338 287362 290048 290826 287393 290237 288206 291244 288929 292026 286125 291445 287520 287358 291687 
2 2.4 2.2 259398 255372 262055 257592 258841 254549 261719 251708 264397 258373 258893 257574 258728 255719 262195 259791 257392 258716 258860 256543 258930 258455 258761 257913 255753 256757 261054 259841 258478 259772 257700 260213 258510 257656 257497 258361 258590 257136 260840 258660 258892 261451 256128 257473 260527 256886 263198 259155 256562 256985 258234 258624 255113 258529 258645 258906 258519 268472 247378 254595 262765 259876 258305 257343 259188 260672 255937 255476 260189 258014 259161 261576 255698 259813 256422 260292 256663 261136 255322 259334 257834 255371 261614 
