-2.4 -2 -2.2 204983 203935 206629 203488 206650 204006 206372 199025 209881 205020 206211 205117 205044 202813 205802 206883 203153 204651 204374 203577 205599 206277 204320 204447 203022 206176 203674 207111 203698 204792 203984 204390 205802 204004 205931 203998 204770 204539 204821 206176 203464 207840 203569 206102 202913 202073 207902 202971 202973 202695 205010 202125 202956 203015 206170 205302 205835 204232 205466 204840 205799 205073 205429 204721 206355 203342 206029 205736 205590 205194 204371 205677 204515 204038 205620 205717 204401 203708 206079 204031 205729 206798 203225 
-2 -1.5 -1.75 319593 316827 322429 318249 323361 317143 322356 312353 327897 319891 320751 319739 320984 317371 323432 322510 317863 319231 320535 317924 321374 318376 319697 320630 316315 320424 319039 322719 319403 321707 320642 318088 321214 319445 319732 317757 319662 322282 319721 321293 318917 323992 316812 320953 321340 319742 325376 318372 317552 318601 319548 319470 317957 319928 321342 320386 319835 319349 320469 319822 321350 319572 321146 319044 320495 319073 321689 319665 320602 321476 320341 319791 320885 319783 321325 320247 319151 318099 321722 319574 321157 322834 317430 
-1.5 -1 -1.25 411520 407591 416298 408648 413039 407497 415377 402826 419981 411623 412814 412156 410485 406961 416808 412921 410616 409157 412722 408836 412812 409435 413284 412638 407750 410724 412154 412763 409368 409826 411210 412087 413060 409085 409661 408739 411118 412535 410869 414170 409494 417312 407885 411869 411539 410605 416403 410348 406565 408199 411393 408090 406786 413764 410025 413534 409630 408264 415371 413041 410860 409414 412609 410178 411911 411319 412423 412364 411593 410653 411130 410460 412511 409996 412777 413568 410613 409505 414581 411799 412289 414468 408988 
-1 -0.5 -0.75 456179 449883 461179 453439 457594 450502 460989 446786 462630 454087 458551 455064 456934 449510 466482 456694 454685 452283 456589 453764 455892 452772 459325 458307 450767 455966 457360 455190 456224 457512 457377 454461 457054 455392 455790 455432 458992 454810 457829 459708 454666 458998 454313 456438 456960 455192 459202 456223 450943 455361 454458 457882 452529 459958 451540 459111 453392 452424 460480 457605 454581 453430 456874 455801 455916 456087 456345 457288 455706 456709 456945 452178 459130 455020 457582 456273 456191 454283 456717 457516 456020 458525 453098 
-0.5 0 -0.25 470712 462464 477287 468055 470616 464574 474657 464096 473310 466873 470945 468238 471216 460462 479953 470594 468411 466631 470625 466220 469854 465592 473216 473859 464516 468117 468647 468066 469001 467596 470264 470278 471169 468813 467219 468019 473558 469672 469910 474379 468763 469352 469285 467726 471685 470608 473989 472272 462061 467171 465840 470141 467275 474272 464186 472512 467490 467542 472377 472400 471526 468798 468796 469780 467663 469245 469904 470832 468473 468401 469794 468827 472860 468618 470280 470088 469794 469023 469469 470388 468252 472115 468949 
0 0.5 0.25 469201 460646 474051 467746 469948 461418 473382 464825 471307 466490 471001 465369 468214 460295 482694 466885 467634 466170 470308 467190 469066 463616 472961 473801 460885 469447 468957 467600 468826 468546 468702 468877 469866 466176 467716 465367 474675 469473 468979 474357 466878 467449 468136 468338 470521 468488 472733 472850 462869 469548 465705 470376 468656 474911 462448 471006 467700 469961 467368 468591 470800 469602 468384 468464 467384 472150 467340 467551 468737 465933 470300 467846 470569 468333 466989 468310 468358 469967 468738 470770 467459 467688 469095 
0.5 1 0.75 466567 459799 475134 465524 469278 463102 472238 462757 471086 466284 470543 465942 468805 459582 483209 470794 468050 463001 468780 462719 469978 463233 471432 473018 462122 466634 465333 465347 467855 467780 468044 469224 468819 467655 465841 464335 473766 469603 467745 475127 466766 466844 468346 468623 468642 466595 471622 471267 459844 467217 463581 469159 469846 476168 464345 469684 466928 472560 460246 465040 471726 469468 467044 467918 466499 467091 464823 467494 468932 467267 468348 467234 465322 469559 467242 468001 468540 471262 464696 470611 465017 466258 469579 
1 1.5 1.25 467205 461628 473123 467030 468769 462102 473335 462395 473287 466027 470379 465923 470159 459432 478466 465283 467841 463194 470119 466551 468425 463347 472779 471234 462776 469605 464730 467068 468365 468715 467062 466175 468159 468508 464359 464173 472222 469991 465193 474429 462807 467255 467279 465603 465933 467980 472005 470036 462082 466243 464025 470297 465016 469155 465010 469246 463957 480148 455592 464014 473654 469731 467461 468888 469898 472164 465349 464967 470163 467181 469686 470528 464916 469984 466230 469967 465303 471804 463751 469489 464887 463293 470555 
1.5 2 1.75 467193 460367 473193 462662 467665 460797 469893 459179 472246 464052 468325 464508 467775 459345 476021 464926 466616 462636 467804 465092 466067 462170 470663 469718 460672 467373 462903 466814 465160 466638 465155 467841 466514 466940 464463 462446 472570 469281 463431 472507 461779 468922 465472 468706 465793 465576 471020 467339 459293 464578 465353 467183 462758 467378 468340 468258 469614 484613 447980 459104 474446 467063 466452 465496 468578 469165 463848 462407 469769 464223 467919 470373 462355 468227 467444 468986 465509 472318 461064 468704 464649 462097 472570 
2 2.4 2.2 449006 447165 453758 448856 454571 447603 453214 440493 459795 449403 451497 447830 452904 446447 457584 450997 452717 445016 452636 447381 449165 446479 453056 439102 447423 453985 447193 449370 449647 452114 450402 450858 451238 448690 448664 443681 453120 453713 451436 457213 445922 454282 448376 452909 447880 448521 457305 448892 445461 448665 450342 450742 446212 449260 452589 448874 451452 472413 430764 442358 457802 452667 449648 449548 452217 455924 446550 445527 457020 448073 453901 457057 445189 451499 447474 452232 448945 457292 444691 453739 450110 444827 456885 
