-5 -2.2 -0.192653 0.0137519 0.0125172 -0.207311 0.0168621 0.0140537 0.00837813 0.00579694 0.00131212 0.000874943
-4 -1.75 -0.0317606 0.00969723 0.0114901 -0.0476271 0.0159647 0.0105785 0.00896514 0.00482368 0.00212504 0.001857
-3 -1.25 0.0586208 0.00713025 0.00848484 0.0512642 0.0108451 0.010742 0.00421433 0.00844771 0.00162103 0.00247038
-2 -0.75 0.0953951 0.0064876 0.00637997 0.0965275 0.00916264 0.0113149 0.00473059 0.00531847 0.00118753 0.00171476
-1 -0.25 0.113847 0.00771929 0.00776661 0.118374 0.00676471 0.0107386 0.00364327 0.00638683 0.001232 0.00074641
1 0.25 0.13243 0.00985518 0.0118106 0.130883 0.0160615 0.00862024 0.0099332 0.00483747 0.000479111 0.00181266
2 0.75 0.16019 0.0123189 0.0114505 0.156984 0.0122937 0.0148664 0.00542159 0.00929499 0.000198663 0.000666047
3 1.25 0.199083 0.0161152 0.0131075 0.191953 0.00961655 0.015622 0.00571799 0.0108594 0.000137754 0.00158318
4 1.75 0.242472 0.0127554 0.0155973 0.237325 0.00508004 0.0262192 0.00323999 0.0158168 0.00126965 0.00255709
5 2.2 0.271569 0.0123073 0.0169384 0.267655 0.0289952 0.0110153 0.0190249 0 0.00194463 0.0027416
