-5 -2.2 208800 8989.24 9914.49 204983 8133.19 9789.15 3646.79 3829.73 8285.77 9012.84
-4 -1.75 316440 12208.8 13837.6 319593 14630.4 10628.7 6504.18 2781.75 13084.6 14478.2
-3 -1.25 396300 14106.3 16329.3 411520 14864.9 16366 7383.1 6213.91 16789 19088.4
-2 -0.75 435310 15984.9 17359.4 456179 16327.5 18420.4 8000.2 9183.54 18488.7 21493.4
-1 -0.25 453670 19124.8 18507.5 470712 14258.2 23632.8 5303.95 10454 19324.7 22621.2
1 0.25 466510 20717.3 20093.7 469201 18814.4 21557.2 7347.22 9245.73 19004.6 23341.4
2 0.75 480800 22846.7 20469.7 466567 27266.7 15611.2 15635.4 7603.87 20380.6 24211.6
3 1.25 497140 22471.7 20439.9 467205 21285.3 17032.2 18280.9 14535.5 20361.9 25665
4 1.75 508370 21089.1 21988.4 467193 15789.2 23367.8 21167.6 24024.2 21191.1 26773.6
5 2.2 497870 19403.4 22878.2 449006 24270.1 16506.9 32224.4 21189.5 21272.1 26611.4
