-5 -2.2 308450 13238.5 15442.5 312201 13217 16212.4 5150.5 5389.89 13027.6 14744.4
-4 -1.75 337200 13972.8 15527.3 351558 16173.9 14685.6 7127.82 6036.56 14435.1 16579.9
-3 -1.25 352410 13953 15052.1 371385 13521.7 14756.8 7798.82 3826.97 15541.3 17224.2
-2 -0.75 359490 14408.2 14940.2 375864 15308.2 15958.5 6372.44 6401.36 15714.4 17868.1
-1 -0.25 360930 16347.5 16281.9 371067 12853.4 17698.9 6494.12 8916.88 15493.8 18236.2
1 0.25 357400 18052.4 17182.5 360595 14539.3 21434.2 4987.01 10121.3 15443 17918.5
2 0.75 348030 17355.5 17260.8 339956 21422.2 12269.8 10960.6 3660.87 14918.8 17507.8
3 1.25 332060 14568.8 16591.3 316727 15214.3 11500.3 11897.3 6507.66 13885.2 16794.7
4 1.75 309950 12766.3 13373.4 287973 16259 9022.76 15584.1 8125.48 12955.8 15707.6
5 2.2 285210 12286 12578.2 259398 8435.99 14887.1 10478.4 16403.5 11950 14858.1
