-2.4 -2 -2.2 202480 201315 204346 201996 204488 201090 203885 196444 209704 201732 203213 202680 202406 201342 204916 204845 201011 202897 202360 199952 203215 202878 202248 203488 200711 204045 201294 204894 201092 203309 203304 203034 203792 202129 202228 201560 203536 204508 202103 202954 202271 205089 200882 205002 201461 200220 205902 201580 200898 201046 202408 200821 201089 201566 203979 202137 204014 201749 203874 203703 202548 201388 202573 202036 203018 202236 204400 202429 203601 203934 202538 202978 201831 203237 202278 202812 202159 201134 203237 201121 202501 203473 201849 
-2 -1.5 -1.75 317100 313774 318677 314365 320069 314368 319751 308705 324865 316525 317913 317526 316385 313059 319662 317828 315513 314593 317315 315323 317967 314723 316788 315956 312320 316843 317245 317531 316969 316226 316285 314220 318121 315410 316778 314443 315232 317164 316637 318595 314270 321471 313201 315505 316041 315958 321326 313756 314337 314914 316182 314308 313694 315197 317338 317643 316506 315276 318503 316342 316228 315858 318061 316419 318346 314911 317507 316946 317019 315536 315888 316203 316863 314943 317930 316615 316112 314779 317937 316298 317864 319321 313634 
-1.5 -1 -1.25 406550 401551 409440 402035 407886 400681 409648 398378 412703 405513 407977 405379 407070 403220 411713 408347 404351 405729 406297 403668 405238 404391 408031 406867 401825 406675 406257 407722 402686 406470 408086 406275 407237 405463 404115 404263 407405 406370 406325 409099 404620 410568 404253 408485 406960 405752 411230 405969 400223 403296 405004 405791 402719 408375 404210 409603 404106 404392 409243 407618 406099 405566 406906 404764 406890 405885 406652 406231 405787 405769 405266 405787 407111 405297 408500 408059 405649 403023 409119 406254 407159 407103 402597 
-1 -0.5 -0.75 448850 442713 454806 448260 450379 444281 453651 440138 456839 446222 451025 448605 448854 442046 457366 449599 446812 444143 448992 446743 450474 445314 450901 448824 442636 447800 448426 448015 449936 447774 448062 447988 447652 446477 447514 447858 449442 448562 449192 452163 446686 450226 445284 447056 448995 446799 450961 447604 443475 447122 446348 448862 444386 451962 445051 451055 447497 443951 451987 450533 449067 446873 449555 448393 447798 447986 449165 451373 447065 448043 448917 444517 451783 447612 450505 448673 446774 448201 449735 448248 448129 452437 446965 
-0.5 0 -0.25 461650 453749 468341 459804 464136 454296 466147 454666 465025 460047 463615 459363 461960 452354 473851 462241 460840 457568 463232 460333 461370 456973 465441 466289 456078 460085 461572 459948 460540 459777 461221 462398 463251 460414 460164 459559 465434 461049 464050 464882 459839 462102 460645 460073 462747 462285 465676 465306 455766 460758 457343 463198 460922 466963 454522 462576 458523 459829 463345 462767 461692 459813 461055 462070 458990 463216 461998 460403 461094 461755 463324 461080 464140 460248 461507 460412 461036 461631 461880 464612 460323 462965 458684 
0 0.5 0.25 461270 453230 468308 459277 460722 455077 467393 458374 465664 457652 463262 458633 464861 453426 474557 460016 460150 457510 462849 458556 463104 458125 465113 467474 454626 462246 461572 460689 463367 462497 461340 461024 462589 461535 458823 458751 468105 461879 459743 467743 461793 460561 462223 461070 463348 462226 465266 465775 455811 461945 459133 463696 461368 469714 455719 465481 459937 463389 459731 462395 464254 462827 462188 463799 460697 462344 459823 462039 459627 461225 461897 459977 463407 462718 461508 463370 460346 463178 461431 463230 461036 462862 462297 
0.5 1 0.75 459020 452794 466382 457864 459938 454186 461917 453784 460393 457841 462309 456874 458608 450700 473065 461294 458719 455890 461323 455960 458914 455333 464868 463989 454221 459154 457926 455637 457882 457861 460077 459267 460081 458341 457397 453860 464711 460411 459344 465837 456117 458785 459740 456824 459377 458302 463541 462977 453303 459192 455942 460307 458701 462982 454808 460361 457378 464459 453138 456324 463577 461185 459626 459402 459195 462429 457812 458389 462167 456867 459611 457703 459534 459811 457157 458447 459816 460414 456990 461624 455629 457761 460132 
1 1.5 1.25 459850 451523 464294 458441 460148 454226 464250 452752 463672 457000 461343 456575 459963 452261 469538 458507 458982 454441 460097 457362 458107 455701 461948 459605 453304 459512 456062 458479 458978 459026 458795 459870 458704 458631 457570 455764 463855 461320 457061 466396 455512 459042 457645 460992 460139 457206 462244 459970 450418 458219 455330 461174 457680 462410 456072 460877 458835 468255 445252 455043 463579 459073 458740 459638 458717 460365 456390 455822 461094 457506 461537 460361 456175 459911 456709 461464 458126 462894 454174 460491 457053 455836 460729 
1.5 2 1.75 458010 453206 463583 456114 458954 451248 462561 449985 465764 456251 458826 455940 458468 450538 467911 456978 459495 454145 459947 454113 458411 452424 462643 463831 453147 460511 453807 457466 457792 458567 458309 458378 458852 458783 454581 453555 462080 462612 455178 465999 454103 460864 457306 459420 455817 456707 462644 457243 453955 456273 458051 460073 455253 460997 459155 458141 458733 474335 441961 451824 466529 459586 456708 456369 460234 464578 453946 455138 461611 458536 458445 463533 453483 460679 457657 461245 456164 464672 453179 461235 456667 452224 464941 
2 2.4 2.2 440350 438904 445170 439220 447847 438834 442998 430085 451377 440950 446172 440031 442767 437474 448435 439645 443350 435638 442790 437737 442083 437478 443220 441148 436173 443945 436641 440682 439904 443024 440096 441217 442518 442457 439925 438225 442776 443784 442456 445613 438179 446854 440529 444120 439263 441498 448584 440382 435134 437749 440738 441743 436520 437378 444900 440558 442253 464807 420736 432344 449254 443931 443207 440662 442858 444467 437155 435104 445688 440422 445292 448289 436666 443819 438844 443386 438178 447362 435605 444102 439283 436054 447925 
