-2.4 -2 -2.2 204983 203935 206629 203488 206650 204006 206372 199025 209881 205020 206211 205117 205044 202813 205802 206883 203153 204651 204374 203577 205599 206277 204320 204447 203022 206176 203674 207111 203698 204792 203984 204390 205802 204004 205931 203998 204770 204539 204821 206176 203464 207840 203569 206102 202913 202073 207902 202971 202973 202695 205010 202125 202956 203015 205590 206170 205194 205302 204371 205835 205677 204232 204515 205466 204038 204840 205620 205799 205717 205073 204401 205429 203708 204721 206079 206355 204031 203342 205729 206029 206798 205736 203225 
-2 -1.5 -1.75 319593 316827 322429 318249 323361 317143 322356 312353 327897 319891 320751 319739 320984 317371 323432 322510 317863 319231 320535 317924 321374 318376 319697 320630 316315 320424 319039 322719 319403 321707 320642 318088 321214 319445 319732 317757 319662 322282 319721 321293 318917 323992 316812 320953 321340 319742 325376 318372 317552 318601 319548 319470 317957 319928 320602 321342 321476 320386 320341 319835 319791 319349 320885 320469 319783 319822 321325 321350 320247 319572 319151 321146 318099 319044 321722 320495 319574 319073 321157 321689 322834 319665 317430 
-1.5 -1 -1.25 411520 407591 416298 408648 413039 407497 415377 402826 419981 411623 412814 412156 410485 406961 416808 412921 410616 409157 412722 408836 412812 409435 413284 412638 407750 410724 412154 412763 409368 409826 411210 412087 413060 409085 409661 408739 411118 412535 410869 414170 409494 417312 407885 411869 411539 410605 416403 410348 406565 408199 411393 408090 406786 413764 411593 410025 410653 413534 411130 409630 410460 408264 412511 415371 409996 413041 412777 410860 413568 409414 410613 412609 409505 410178 414581 411911 411799 411319 412289 412423 414468 412364 408988 
-1 -0.5 -0.75 456179 449883 461179 453439 457594 450502 460989 446786 462630 454087 458551 455064 456934 449510 466482 456694 454685 452283 456589 453764 455892 452772 459325 458307 450767 455966 457360 455190 456224 457512 457377 454461 457054 455392 455790 455432 458992 454810 457829 459708 454666 458998 454313 456438 456960 455192 459202 456223 450943 455361 454458 457882 452529 459958 455706 451540 456709 459111 456945 453392 452178 452424 459130 460480 455020 457605 457582 454581 456273 453430 456191 456874 454283 455801 456717 455916 457516 456087 456020 456345 458525 457288 453098 
-0.5 0 -0.25 470712 462464 477287 468055 470616 464574 474657 464096 473310 466873 470945 468238 471216 460462 479953 470594 468411 466631 470625 466220 469854 465592 473216 473859 464516 468117 468647 468066 469001 467596 470264 470278 471169 468813 467219 468019 473558 469672 469910 474379 468763 469352 469285 467726 471685 470608 473989 472272 462061 467171 465840 470141 467275 474272 468473 464186 468401 472512 469794 467490 468827 467542 472860 472377 468618 472400 470280 471526 470088 468798 469794 468796 469023 469780 469469 467663 470388 469245 468252 469904 472115 470832 468949 
0 0.5 0.25 469201 460646 474051 467746 469948 461418 473382 464825 471307 466490 471001 465369 468214 460295 482694 466885 467634 466170 470308 467190 469066 463616 472961 473801 460885 469447 468957 467600 468826 468546 468702 468877 469866 466176 467716 465367 474675 469473 468979 474357 466878 467449 468136 468338 470521 468488 472733 472850 462869 469548 465705 470376 468656 474911 468737 462448 465933 471006 470300 467700 467846 469961 470569 467368 468333 468591 466989 470800 468310 469602 468358 468384 469967 468464 468738 467384 470770 472150 467459 467340 467688 467551 469095 
0.5 1 0.75 466567 459799 475134 465524 469278 463102 472238 462757 471086 466284 470543 465942 468805 459582 483209 470794 468050 463001 468780 462719 469978 463233 471432 473018 462122 466634 465333 465347 467855 467780 468044 469224 468819 467655 465841 464335 473766 469603 467745 475127 466766 466844 468346 468623 468642 466595 471622 471267 459844 467217 463581 469159 469846 476168 468932 464345 467267 469684 468348 466928 467234 472560 465322 460246 469559 465040 467242 471726 468001 469468 468540 467044 471262 467918 464696 466499 470611 467091 465017 464823 466258 467494 469579 
1 1.5 1.25 467205 461628 473123 467030 468769 462102 473335 462395 473287 466027 470379 465923 470159 459432 478466 465283 467841 463194 470119 466551 468425 463347 472779 471234 462776 469605 464730 467068 468365 468715 467062 466175 468159 468508 464359 464173 472222 469991 465193 474429 462807 467255 467279 465603 465933 467980 472005 470036 462082 466243 464025 470297 465016 469155 470163 465010 467181 469246 469686 463957 470528 480148 464916 455592 469984 464014 466230 473654 469967 469731 465303 467461 471804 468888 463751 469898 469489 472164 464887 465349 463293 464967 470555 
1.5 2 1.75 467193 460367 473193 462662 467665 460797 469893 459179 472246 464052 468325 464508 467775 459345 476021 464926 466616 462636 467804 465092 466067 462170 470663 469718 460672 467373 462903 466814 465160 466638 465155 467841 466514 466940 464463 462446 472570 469281 463431 472507 461779 468922 465472 468706 465793 465576 471020 467339 459293 464578 465353 467183 462758 467378 469769 468340 464223 468258 467919 469614 470373 484613 462355 447980 468227 459104 467444 474446 468986 467063 465509 466452 472318 465496 461064 468578 468704 469165 464649 463848 462097 462407 472570 
2 2.4 2.2 449006 447165 453758 448856 454571 447603 453214 440493 459795 449403 451497 447830 452904 446447 457584 450997 452717 445016 452636 447381 449165 446479 453056 439102 447423 453985 447193 449370 449647 452114 450402 450858 451238 448690 448664 443681 453120 453713 451436 457213 445922 454282 448376 452909 447880 448521 457305 448892 445461 448665 450342 450742 446212 449260 457020 452589 448073 448874 453901 451452 457057 472413 445189 430764 451499 442358 447474 457802 452232 452667 448945 449648 457292 449548 444691 452217 453739 455924 450110 446550 444827 445527 456885 
