-5 -2.2 -0.192653 0.0128574 0.0128574 -0.229986 0 0 0.0100323 0.0100323 0.000849461 0.000849461
-4 -1.75 -0.0317606 0.0101417 0.0101417 -0.0418477 0 0 0.00545436 0.00545436 0.00187594 0.00187594
-3 -1.25 0.0586208 0.00734647 0.00734647 0.057547 0 0 0.00443425 0.00443425 0.00203467 0.00203467
-2 -0.75 0.0953951 0.00618784 0.00618784 0.0975091 0 0 0.00535518 0.00535518 0.00144389 0.00144389
-1 -0.25 0.113847 0.00758237 0.00758237 0.118112 0 0 0.00463285 0.00463285 0.000957665 0.000957665
1 0.25 0.13243 0.0105043 0.0105043 0.135373 0 0 0.00551907 0.00551907 0.000957361 0.000957361
2 0.75 0.16019 0.0116184 0.0116184 0.157834 0 0 0.00294412 0.00294412 0.000304993 0.000304993
3 1.25 0.199083 0.0139357 0.0139357 0.195828 0 0 0.00370061 0.00370061 0.000795711 0.000795711
4 1.75 0.242472 0.0139072 0.0139072 0.238091 0 0 0.00463849 0.00463849 0.0018834 0.0018834
5 2.2 0.271569 0.0143842 0.0143842 0.269168 0 0 0.00424501 0.00424501 0.00233087 0.00233087
