-5 -2.2 208800 8756.02 8756.02 197880 0 0 5424.62 5424.62 8570.77 8570.77
-4 -1.75 316440 12103.8 12103.8 323374 0 0 6879.94 6879.94 13631.7 13631.7
-3 -1.25 396300 14294.2 14294.2 407797 0 0 9012.85 9012.85 17691.6 17691.6
-2 -0.75 435310 15949.6 15949.6 442722 0 0 7020.12 7020.12 19660.8 19660.8
-1 -0.25 453670 18069.7 18069.7 451550 0 0 5601.27 5601.27 20595.8 20595.8
1 0.25 466510 19442.8 19442.8 452928 0 0 6417.22 6417.22 20655 20655
2 0.75 480800 20832.8 20832.8 455376 0 0 9913.59 9913.59 21922.1 21922.1
3 1.25 497140 20694.9 20694.9 464233 0 0 14354.8 14354.8 22578.7 22578.7
4 1.75 508370 20689.5 20689.5 467492 0 0 16338.3 16338.3 23586.6 23586.6
5 2.2 497870 20000 20000 450679 0 0 16074.5 16074.5 23639.7 23639.7
