-5 -2.2 308450 13630.1 13630.1 316085 0 0 8755 8755 13716.5 13716.5
-4 -1.75 337200 14099 14099 351621 0 0 8984.77 8984.77 15278.3 15278.3
-3 -1.25 352410 13849.4 13849.4 363416 0 0 7414 7414 16135.3 16135.3
-2 -0.75 359490 14038.3 14038.3 364054 0 0 4400.67 4400.67 16507.5 16507.5
-1 -0.25 360930 15637.9 15637.9 356151 0 0 4667.49 4667.49 16558.4 16558.4
1 0.25 357400 16951.5 16951.5 344921 0 0 5627.54 5627.54 16389 16389
2 0.75 348030 16609 16609 331224 0 0 6798.68 6798.68 15929.9 15929.9
3 1.25 332060 14805.6 14805.6 312188 0 0 8465.89 8465.89 15067 15067
4 1.75 309950 12442.5 12442.5 287690 0 0 8946.86 8946.86 14100.2 14100.2
5 2.2 285210 11794.7 11794.7 259517 0 0 9423.93 9423.93 13198.5 13198.5
